bem multiple reciprocity method- eigenvalue analysis 
number of boundary elements - number of elements in the matrix series
41 40
determinant normalizing coordinate - number of gauss points for integrations
21 16 
total of wave numbers
250
first and last wave numbers - k
0.01821213D0 4.5530328D0
boundary node coordinates - number, x, y
    1           .0000000E+00      .0000000E+00
    2           .6071429E-01      .0000000E+00
    3           .1214286E+00      .0000000E+00
    4           .1821429E+00      .0000000E+00
    5           .2428571E+00      .0000000E+00
    6           .3035714E+00      .0000000E+00
    7           .3642857E+00      .0000000E+00
    8           .4250000E+00      .0000000E+00
    9           .4857143E+00      .0000000E+00
   10           .5464286E+00      .0000000E+00
   11           .6071429E+00      .0000000E+00
   12           .6678571E+00      .0000000E+00
   13           .7285714E+00      .0000000E+00
   14           .7892857E+00      .0000000E+00
   15           .8500000E+00      .0000000E+00
   16           .8500000E+00      .4000000E-01
   17           .8500000E+00      .8000000E-01
   18           .8500000E+00      .1200000E+00
   19           .8500000E+00      .1600000E+00
   20           .8500000E+00      .2000000E+00
   21           .8300000E+00      .2400000E+00
   22           .8100000E+00      .2800000E+00
   23           .7900000E+00      .3200000E+00
   24           .7700000E+00      .3600000E+00
   25           .7500000E+00      .4000000E+00
   26           .6857143E+00      .4000000E+00
   27           .6214286E+00      .4000000E+00
   28           .5571429E+00      .4000000E+00
   29           .4928571E+00      .4000000E+00
   30           .4285714E+00      .4000000E+00
   31           .3642857E+00      .4000000E+00
   32           .3000000E+00      .4000000E+00
   33           .2400000E+00      .3600000E+00
   34           .1800000E+00      .3200000E+00
   35           .1200000E+00      .2800000E+00
   36           .6000000E-01      .2400000E+00
   37           .0000000E+00      .2000000E+00
   38           .0000000E+00      .1600000E+00
   39           .0000000E+00      .1200000E+00
   40           .0000000E+00      .8000000E-01
   41           .0000000E+00      .4000000E-01
boundary conditions -node, code, value
01 1  0.d0
02 1  0.d0
03 1  0.d0
04 1  0.d0
05 1  0.d0
06 1  0.d0
07 1  0.d0
08 1  0.d0
09 1  0.d0
10 1  0.d0
11 1  0.d0
12 1  0.d0
13 1  0.d0
14 1  0.d0
15 1  0.d0
16 1  0.d0
17 1  0.d0
18 1  0.d0
19 1  0.d0
20 1  0.d0
21 1  0.d0
22 1  0.d0
23 1  0.d0
24 1  0.d0
25 1  0.d0
26 1  0.d0
27 1  0.d0
28 1  0.d0
29 1  0.d0
30 1  0.d0
31 1  0.d0
32 1  0.d0
33 1  0.d0
34 1  0.d0
35 1  0.d0
36 1  0.d0
37 1  0.d0
38 1  0.d0
39 1  0.d0
40 1  0.d0
41 1  0.d0
