TEST CASE #2 Pulsating Cylinder
GENERAL INFORMATION
0,0
1.21,343
131.235,0,0
NODES
16,16
1,1,0,-1,0,-1
2,2,-0.3827,-0.9239,-0.3927,-0.9239
3,3,-0.707,-0.707,-0.707,-0.707
4,4,-0.9239,-0.3827,-0.9239,-0.3827
5,5,-1,0,-1,0
6,6,-0.9239,0.3827,-0.9239,0.3827
7,7,-0.707,0.707,-0.707,0.707
8,8,-0.3827,0.9239,-0.3827,0.9239
9,9,0,1,0,1
10,10,0.3827,0.9239,0.3827,0.9239
11,11,0.707,0.707,0.707,0.707
12,12,0.9239,0.3827,0.9239,0.3827
13,13,1,0,1,0
14,14,0.9239,-0.3827,0.9239,-0.3827
15,15,0.707,-0.707,0.707,-0.707
16,16,0.3827,-0.9239,0.3827,-0.9239
ELEMENTS
8,1
1,1,8,2
BOUNDARY CONDITIONS
1
1,8,0,0,0,1,0,-1,0
FIELD POINTS
2
2,0,0
0,2,0
CHIEF POINTS
1
0,0
SOLVE
END