2  transient analysis
sphere under Heaviside-type pressure
1,170,56,3,8,1,3,1,0
2,8,8,1  .0
1
   1   6   2   1   3  10   9   8   7   0
   2   1   4  14  13  12  11  10   3   0
   3  18  17  16  15  14   4   1   5   0
   4  20  19  18   5   1   2   6  21   0
   5  30  22   6   7   8  23  32  31   0
   6   8   9  10  24  34  33  32  23   0
   7  10  11  12  25  36  35  34  24   0
   8  14  26  38  37  36  25  12  13   0
   9  16  27  40  39  38  26  14  15   0
  10  42  41  40  27  16  17  18  28   0
  11  44  43  42  28  18  19  20  29   0
  12  44  29  20  21   6  22  30  45   0
  13  54  46  30  31  32  47  56  55   0
  14  32  33  34  48  58  57  56  47   0
  15  34  35  36  49  60  59  58  48   0
  16  38  50  62  61  60  49  36  37   0
  17  40  51  64  63  62  50  38  39   0
  18  66  65  64  51  40  41  42  52   0
  19  68  67  66  52  42  43  44  53   0   
  20  68  53  44  45  30  46  54  69   0
  21  78  70  54  55  56  71  80  79   0
  22  80  71  56  57  58  72  82  81   0
  23  58  59  60  73  84  83  82  72   0
  24  62  74  86  85  84  73  60  61   0
  25  64  75  88  87  86  74  62  63   0
  26  90  89  88  75  64  65  66  76   0
  27  92  91  90  76  66  67  68  77   0
  28  92  77  68  69  54  70  78  93   0
  29 102  94  78  79  80  95 104 103   0
  30 106 105 104  95  80  81  82  96   0
  31 108 107 106  96  82  83  84  97   0
  32  86  98 110 109 108  97  84  85   0
  33  88  99 112 111 110  98  86  87   0
  34  88  89  90 100 114 113 112  99   0
  35  90  91  92 101 116 115 114 100   0
  36 116 101  92  93  78  94 102 117   0
  37 126 118 102 103 104 119 128 127   0
  38 130 129 128 119 104 105 106 120   0
  39 132 131 130 120 106 107 108 121   0
  40 110 122 134 133 132 121 108 109   0
  41 112 123 136 135 134 122 110 111   0
  42 112 113 114 124 138 137 136 123   0
  43 114 115 116 125 140 139 138 124   0
  44 140 125 116 117 102 118 126 141   0
  45 150 142 126 127 128 143 152 151   0
  46 154 153 152 143 128 129 130 144   0
  47 156 155 154 144 130 131 132 145   0
  48 134 146 158 157 156 145 132 133   0
  49 136 147 160 159 158 146 134 135   0
  50 136 137 138 148 162 161 160 147   0
  51 138 139 140 149 164 163 162 148   0
  52 164 149 140 141 126 142 150 165   0
  53 170 166 150 151 152 153 154 167   0
  54 158 168 170 167 154 155 156 157   0
  55 160 161 162 169 170 168 158 159   0
  56 162 163 164 165 150 166 170 169   0
    1      0
     .00000000D+00     .00000000D+00     .21200000D+03
    2      0
     .41359165D+02     .00000000D+00     .20792646D+03
    3      0
     .00000000D+00     .41359165D+02     .20792646D+03
    4      0
    -.41359165D+02     .00000000D+00     .20792646D+03
    5      0
     .00000000D+00    -.41359165D+02     .20792646D+03
    6      0
     .81128881D+02     .00000000D+00     .19586248D+03
    7      0
     .74953321D+02     .31046679D+02     .19586248D+03
    8      0
     .57366776D+02     .57366776D+02     .19586248D+03
    9      0
     .31046679D+02     .74953321D+02     .19586248D+03
   10      0
     .00000000D+00     .81128881D+02     .19586248D+03
   11      0
    -.31046679D+02     .74953321D+02     .19586248D+03
   12      0
    -.57366776D+02     .57366776D+02     .19586248D+03
   13      0
    -.74953321D+02     .31046679D+02     .19586248D+03
   14      0
    -.81128881D+02     .00000000D+00     .19586248D+03
   15      0
    -.74953321D+02    -.31046679D+02     .19586248D+03
   16      0
    -.57366776D+02    -.57366776D+02     .19586248D+03
   17      0
    -.31046679D+02    -.74953321D+02     .19586248D+03
   18      0
     .00000000D+00    -.81128881D+02     .19586248D+03
   19      0
     .31046679D+02    -.74953321D+02     .19586248D+03
   20      0
     .57366776D+02    -.57366776D+02     .19586248D+03
   21      0
     .74953321D+02    -.31046679D+02     .19586248D+03
   22      0
     .11778088D+03     .00000000D+00     .17627156D+03
   23      0
     .83283649D+02     .83283649D+02     .17627156D+03
   24      0
     .00000000D+00     .11778088D+03     .17627156D+03
   25      0
    -.83283649D+02     .83283649D+02     .17627156D+03
   26      0
    -.11778088D+03     .00000000D+00     .17627156D+03
   27      0
    -.83283649D+02    -.83283649D+02     .17627156D+03
   28      0
     .00000000D+00    -.11778088D+03     .17627156D+03
   29      0
     .83283649D+02    -.83283649D+02     .17627156D+03
   30      0
     .14990664D+03     .00000000D+00     .14990664D+03
   31      0
     .13849566D+03     .57366776D+02     .14990664D+03
   32      0
     .10600000D+03     .10600000D+03     .14990664D+03
   33      0
     .57366776D+02     .13849566D+03     .14990664D+03
   34      0
     .00000000D+00     .14990664D+03     .14990664D+03
   35      0
    -.57366776D+02     .13849566D+03     .14990664D+03
   36      0
    -.10600000D+03     .10600000D+03     .14990664D+03
   37      0
    -.13849566D+03     .57366776D+02     .14990664D+03
   38      0
    -.14990664D+03     .00000000D+00     .14990664D+03
   39      0
    -.13849566D+03    -.57366776D+02     .14990664D+03
   40      0
    -.10600000D+03    -.10600000D+03     .14990664D+03
   41      0
    -.57366776D+02    -.13849566D+03     .14990664D+03
   42      0
     .00000000D+00    -.14990664D+03     .14990664D+03
   43      0
     .57366776D+02    -.13849566D+03     .14990664D+03
   44      0
     .10600000D+03    -.10600000D+03     .14990664D+03
   45      0
     .13849566D+03    -.57366776D+02     .14990664D+03
   46      0
     .17627156D+03     .00000000D+00     .11778088D+03
   47      0
     .12464281D+03     .12464281D+03     .11778088D+03
   48      0
     .00000000D+00     .17627156D+03     .11778088D+03
   49      0
    -.12464281D+03     .12464281D+03     .11778088D+03
   50      0
    -.17627156D+03     .00000000D+00     .11778088D+03
   51      0
    -.12464281D+03    -.12464281D+03     .11778088D+03
   52      0
     .00000000D+00    -.17627156D+03     .11778088D+03
   53      0
     .12464281D+03    -.12464281D+03     .11778088D+03
   54      0
     .19586248D+03     .00000000D+00     .81128881D+02
   55      0
     .18095332D+03     .74953321D+02     .81128881D+02
   56      0
     .13849566D+03     .13849566D+03     .81128881D+02
   57      0
     .74953321D+02     .18095332D+03     .81128881D+02
   58      0
     .00000000D+00     .19586248D+03     .81128881D+02
   59      0
    -.74953321D+02     .18095332D+03     .81128881D+02
   60      0
    -.13849566D+03     .13849566D+03     .81128881D+02
   61      0
    -.18095332D+03     .74953321D+02     .81128881D+02
   62      0
    -.19586248D+03     .00000000D+00     .81128881D+02
   63      0
    -.18095332D+03    -.74953321D+02     .81128881D+02
   64      0
    -.13849566D+03    -.13849566D+03     .81128881D+02
   65      0
    -.74953321D+02    -.18095332D+03     .81128881D+02
   66      0
     .00000000D+00    -.19586248D+03     .81128881D+02
   67      0
     .74953321D+02    -.18095332D+03     .81128881D+02
   68      0
     .13849566D+03    -.13849566D+03     .81128881D+02
   69      0
     .18095332D+03    -.74953321D+02     .81128881D+02
   70      0
     .20792646D+03     .00000000D+00     .41359165D+02
   71      0
     .14702624D+03     .14702624D+03     .41359165D+02
   72      0
     .00000000D+00     .20792646D+03     .41359165D+02
   73      0
    -.14702624D+03     .14702624D+03     .41359165D+02
   74      0
    -.20792646D+03     .00000000D+00     .41359165D+02
   75      0
    -.14702624D+03    -.14702624D+03     .41359165D+02
   76      0
     .00000000D+00    -.20792646D+03     .41359165D+02
   77      0
     .14702624D+03    -.14702624D+03     .41359165D+02
   78      0
     .21200000D+03     .00000000D+00     .00000000D+00
   79      0
     .19586248D+03     .81128881D+02     .00000000D+00
   80      0
     .14990664D+03     .14990664D+03     .00000000D+00
   81      0
     .81128881D+02     .19586248D+03     .00000000D+00
   82      0
     .00000000D+00     .21200000D+03     .00000000D+00
   83      0
    -.81128881D+02     .19586248D+03     .00000000D+00
   84      0
    -.14990664D+03     .14990664D+03     .00000000D+00
   85      0
    -.19586248D+03     .81128881D+02     .00000000D+00
   86      0
    -.21200000D+03     .00000000D+00     .00000000D+00
   87      0
    -.19586248D+03    -.81128881D+02     .00000000D+00
   88      0
    -.14990664D+03    -.14990664D+03     .00000000D+00
   89      0
    -.81128881D+02    -.19586248D+03     .00000000D+00
   90      0
     .00000000D+00    -.21200000D+03     .00000000D+00
   91      0
     .81128881D+02    -.19586248D+03     .00000000D+00
   92      0
     .14990664D+03    -.14990664D+03     .00000000D+00
   93      0
     .19586248D+03    -.81128881D+02     .00000000D+00
   94      0
     .20792646D+03     .00000000D+00    -.41359165D+02
   95      0
     .14702624D+03     .14702624D+03    -.41359165D+02
   96      0
     .00000000D+00     .20792646D+03    -.41359165D+02
   97      0
    -.14702624D+03     .14702624D+03    -.41359165D+02
   98      0
    -.20792646D+03     .00000000D+00    -.41359165D+02
   99      0
    -.14702624D+03    -.14702624D+03    -.41359165D+02
  100      0
     .00000000D+00    -.20792646D+03    -.41359165D+02
  101      0
     .14702624D+03    -.14702624D+03    -.41359165D+02
  102      0
     .19586248D+03     .00000000D+00    -.81128881D+02
  103      0
     .18095332D+03     .74953321D+02    -.81128881D+02
  104      0
     .13849566D+03     .13849566D+03    -.81128881D+02
  105      0
     .74953321D+02     .18095332D+03    -.81128881D+02
  106      0
     .00000000D+00     .19586248D+03    -.81128881D+02
  107      0
    -.74953321D+02     .18095332D+03    -.81128881D+02
  108      0
    -.13849566D+03     .13849566D+03    -.81128881D+02
  109      0
    -.18095332D+03     .74953321D+02    -.81128881D+02
  110      0
    -.19586248D+03     .00000000D+00    -.81128881D+02
  111      0
    -.18095332D+03    -.74953321D+02    -.81128881D+02
  112      0
    -.13849566D+03    -.13849566D+03    -.81128881D+02
  113      0
    -.74953321D+02    -.18095332D+03    -.81128881D+02
  114      0
     .00000000D+00    -.19586248D+03    -.81128881D+02
  115      0
     .74953321D+02    -.18095332D+03    -.81128881D+02
  116      0
     .13849566D+03    -.13849566D+03    -.81128881D+02
  117      0
     .18095332D+03    -.74953321D+02    -.81128881D+02
  118      0
     .17627156D+03     .00000000D+00    -.11778088D+03
  119      0
     .12464281D+03     .12464281D+03    -.11778088D+03
  120      0
     .00000000D+00     .17627156D+03    -.11778088D+03
  121      0
    -.12464281D+03     .12464281D+03    -.11778088D+03
  122      0
    -.17627156D+03     .00000000D+00    -.11778088D+03
  123      0
    -.12464281D+03    -.12464281D+03    -.11778088D+03
  124      0
     .00000000D+00    -.17627156D+03    -.11778088D+03
  125      0
     .12464281D+03    -.12464281D+03    -.11778088D+03
  126      0
     .14990664D+03     .00000000D+00    -.14990664D+03
  127      0
     .13849566D+03     .57366776D+02    -.14990664D+03
  128      0
     .10600000D+03     .10600000D+03    -.14990664D+03
  129      0
     .57366776D+02     .13849566D+03    -.14990664D+03
  130      0
     .00000000D+00     .14990664D+03    -.14990664D+03
  131      0
    -.57366776D+02     .13849566D+03    -.14990664D+03
  132      0
    -.10600000D+03     .10600000D+03    -.14990664D+03
  133      0
    -.13849566D+03     .57366776D+02    -.14990664D+03
  134      0
    -.14990664D+03     .00000000D+00    -.14990664D+03
  135      0
    -.13849566D+03    -.57366776D+02    -.14990664D+03
  136      0
    -.10600000D+03    -.10600000D+03    -.14990664D+03
  137      0
    -.57366776D+02    -.13849566D+03    -.14990664D+03
  138      0
     .00000000D+00    -.14990664D+03    -.14990664D+03
  139      0
     .57366776D+02    -.13849566D+03    -.14990664D+03
  140      0
     .10600000D+03    -.10600000D+03    -.14990664D+03
  141      0
     .13849566D+03    -.57366776D+02    -.14990664D+03
  142      0
     .11778088D+03     .00000000D+00    -.17627156D+03
  143      0
     .83283649D+02     .83283649D+02    -.17627156D+03
  144      0
     .00000000D+00     .11778088D+03    -.17627156D+03
  145      0
    -.83283649D+02     .83283649D+02    -.17627156D+03
  146      0
    -.11778088D+03     .00000000D+00    -.17627156D+03
  147      0
    -.83283649D+02    -.83283649D+02    -.17627156D+03
  148      0
     .00000000D+00    -.11778088D+03    -.17627156D+03
  149      0
     .83283649D+02    -.83283649D+02    -.17627156D+03
  150      0
     .81128881D+02     .00000000D+00    -.19586248D+03
  151      0
     .74953321D+02     .31046679D+02    -.19586248D+03
  152      0
     .57366776D+02     .57366776D+02    -.19586248D+03
  153      0
     .31046679D+02     .74953321D+02    -.19586248D+03
  154      0
     .00000000D+00     .81128881D+02    -.19586248D+03
  155      0
    -.31046679D+02     .74953321D+02    -.19586248D+03
  156      0
    -.57366776D+02     .57366776D+02    -.19586248D+03
  157      0
    -.74953321D+02     .31046679D+02    -.19586248D+03
  158      0
    -.81128881D+02     .00000000D+00    -.19586248D+03
  159      0
    -.74953321D+02    -.31046679D+02    -.19586248D+03
  160      0
    -.57366776D+02    -.57366776D+02    -.19586248D+03
  161      0
    -.31046679D+02    -.74953321D+02    -.19586248D+03
  162      0
     .00000000D+00    -.81128881D+02    -.19586248D+03
  163      0
     .31046679D+02    -.74953321D+02    -.19586248D+03
  164      0
     .57366776D+02    -.57366776D+02    -.19586248D+03
  165      0
     .74953321D+02    -.31046679D+02    -.19586248D+03
  166      0
     .41359165D+02     .00000000D+00    -.20792646D+03
  167      0
     .00000000D+00     .41359165D+02    -.20792646D+03
  168      0
    -.41359165D+02     .00000000D+00    -.20792646D+03
  169      0
     .00000000D+00    -.41359165D+02    -.20792646D+03
  170      0
     .00000000D+00     .00000000D+00    -.21200000D+03
1  424.00 0.00 0.00   1st internal point
2  636.00 0.00 0.00   2nd    "       " 
3  848.00 0.00 0.00   3rd    "       "
343.d3   (sound speed in air in mm/s)
1   0    elementwise input of boundary conditions
56         node/ Pressure values in N/mm2
 1, 1.d-6  0    prescribed flux     
 2, 1.d-6  0       "        "
 3, 1.d-6  0       "        "
 4, 1.d-6  0       "        "
 5, 1.d-6  0       "        "
 6, 1.d-6  0       "        "
 7, 1.d-6  0       "        "
 8, 1.d-6  0       "        "
 9, 1.d-6  0       "        "
10, 1.d-6  0       "        "
11, 1.d-6  0       "        "
12, 1.d-6  0       "        "
13, 1.d-6  0       "        "
14, 1.d-6  0       "        "
15, 1.d-6  0       "        "
16, 1.d-6  0       "        "
17, 1.d-6  0       "        "
18, 1.d-6  0       "        "
19, 1.d-6  0       "        "
20, 1.d-6  0       "        "
21, 1.d-6  0       "        "
22, 1.d-6  0       "        "
23, 1.d-6  0       "        "
24, 1.d-6  0       "        "
25, 1.d-6  0       "        "
26, 1.d-6  0       "        "
27, 1.d-6  0       "        "
28, 1.d-6  0       "        "
29, 1.d-6  0       "        "
30, 1.d-6  0       "        "
31, 1.d-6  0       "        "
32, 1.d-6  0       "        "
33, 1.d-6  0       "        "
34, 1.d-6  0       "        "
35, 1.d-6  0       "        "
36, 1.d-6  0       "        "
37, 1.d-6  0       "        "
38, 1.d-6  0       "        "
39, 1.d-6  0       "        "
40, 1.d-6  0       "        "
41, 1.d-6  0       "        "
42, 1.d-6  0       "        "
43, 1.d-6  0       "        "
44, 1.d-6  0       "        "
45, 1.d-6  0       "        "
46, 1.d-6  0       "        "
47, 1.d-6  0       "        "
48, 1.d-6  0       "        "
49, 1.d-6  0       "        "
50, 1.d-6  0       "        "
51, 1.d-6  0       "        "
52, 1.d-6  0       "        "
53, 1.d-6  0       "        "
54, 1.d-6  0       "        "
55, 1.d-6  0       "        "
56, 1.d-6  0       "        "
1     *ivafv
1, 0.,  0.  time variation of nodal normal fluxes
0
1.67d-4, 5
78   (boundary node in which unknown is to be plotted)
4663E32F6330F952B--

